20260438623
20260438714
20260438734
20260438780
20260438806
20260438807
20260438818
20260438823
20260438833
20260438919
20260438943
20260439019
20260439035
20260439082
20260439297
20260439725
20260439878
20260439939
20260440110
20260440112
20260440132
20260440134
20260440197
20260440243
20260440248
20260440249
20260440274
20260440322
20260440323
20260440348
20260440356
20260440357
20260440368
20260440374
20260440385
20260440455
20260440474
20260440484
20260440515
20260440533
20260440626
20260440632
20260440736
20260440757
20260440763
20260440764
20260440780
20260440820
20260440829
20260440998
20260441023
20260441041
20260441057
20260441058
20260441094
20260441115
20260441121
20260441123
20260441124
20260441147
20260441183
20260441192
20260441200
20260441244
20260441247
20260441248
20260441265
20260441275
20260441298
20260441299
20260441300
20260441340
20260441366
20260441414
20260441418
20260441444
20260441461
20260441462
20260441471
20260441494
20260441711
20260441712
20260441713
20260441810
20260441978
20260442024
20260442025
20260442191
20260442357
20260442359
20260442445
20260442446
20260442584
20260442616
20260442775
20260442785
20260442838
20260442938
20260442948
20260443262
20260443307
20260443335
20260443350
20260443385
20260443435
20260443470
20260443509
20260443555
20260443609
20260443617
20260443732
20260443768
20260443778
20260443828
20260443830
20260443831
20260443855
20260443867
20260443927
20260443973
20260443974
20260444014
20260444051
20260444101
20260444103
20260444177
20260444213
20260444237
20260444317
20260444355
20260444405
20260444461
20260444489
20260444514
20260444517
20260444527
20260444537
20260444538
20260444554
20260444577
20260444594
20260444628
20260444631
20260444635
20260444636
20260444643
20260444662
20260444680
20260444717
20260444780
20260444783
20260444805
20260444822
20260444893
20260444894
20260444936
20260444985
20260445028
20260445158
20260445211
20260445288
20260445298
20260445366
20260445376
20260445387
20260445435
20260445436
20260445437
20260445438
20260445449
20260445494
20260445758
20260445781
20260445791
20260445792
20260445794
20260445960
20260446009
20260446013
20260446029
20260446153
20260446161
20260446228
20260446535
20260446574
20260446644
20260446645
20260446690
20260446692
20260446693
20260446761
20260446771
20260446779
20260446797
20260446845
20260446889
20260446894
20260446970
20260446995
20260446999
20260447002
20260447004
20260447006
20260447016
20260447032
20260447068
20260447166
20260447172
20260447220
20260447246
20260447285
20260447316
20260447392
20260447393
20260447404
20260447421
20260447429
20260447432
20260447433
20260447450
20260447505
20260447532
20260447599
20260447600
20260447645
20260447676
20260447677
20260447772
20260447801
20260447830
20260447872
20260447873
20260447912
20260447915
20260447948
20260448026
20260448047
20260448074
20260448075
20260448098
20260448101
20260448111
20260448121
20260448194
20260448215
20260448218
20260448224
20260448239
20260448242
20260448244
20260448359
20260448368
20260448370
20260448389
20260448438
20260448439
20260448463
20260448464
20260448465
20260448466
20260448483
20260448494
20260448609
20260448851
20260448905
20260449008
20260449031
20260449042
20260449045
20260449051
20260449068
20260449108
20260449159
20260449174
